'datos_categoricos'(1041, 3)
'datos_numericos'(1041, 21)

CON CATEGORICOS

KMEANS

Coeficiente de silueta: 0.31545646232419083

array([[ 0.07345024,  0.24752928,  0.25500263,  0.15467563,  0.28487975,
         0.27986229,  0.16921639,  0.27877221,  0.10057453,  0.25443817,
         0.25809163,  0.17162657,  0.29217994,  0.29005709,  0.17144158,
         0.28062978,  0.09601743,  0.29060801, -0.08261995,  0.10301122,
         0.06875232,  0.11895714],
       [ 0.39730467, -0.05317305, -0.0484409 , -0.24716519,  0.18031135,
         0.20968048, -0.22010966,  0.12675825, -0.33250061, -0.113731  ,
        -0.12133633, -0.30187822,  0.11859552,  0.14138895, -0.23111263,
         0.09158082, -0.33843136,  0.18073862,  0.21620366, -0.11375482,
        -0.1762772 ,  0.26782497]])
Varianza explicada por cada componente: [0.44379004 0.16740671]



JERARQUICO


Coeficiente de silueta: 0.2919896110413966

array([[ 0.07436725,  0.24706823,  0.25461355,  0.15408869,  0.28506429,
         0.28009841,  0.16817715,  0.27825438,  0.10085771,  0.254085  ,
         0.25773324,  0.17098537,  0.29240318,  0.29039936,  0.17026412,
         0.28014281,  0.09626741,  0.29097942, -0.08219259,  0.10216821,
         0.0689247 , -0.12591039],
       [ 0.39874438, -0.05550503, -0.05029201, -0.24759791,  0.17964135,
         0.20899869, -0.22492445,  0.12169601, -0.32553227, -0.11449988,
        -0.12192012, -0.30182209,  0.11917318,  0.14247646, -0.23663299,
         0.08730322, -0.331521  ,  0.18144452,  0.21591133, -0.11842331,
        -0.1734406 , -0.27572198]])

Varianza explicada por cada componente: [0.44349328 0.16773002]