'datos_categoricos'(1773, 7)'
datos_numericos'(1773, 31)

SIN CATEGORICOS

KMEANS
Coeficiente de silueta: 0.39400804048323107

Componentes: [[-3.84655673e-02  2.22044605e-16 -1.36983941e-02 -3.77547285e-02
   2.70466083e-01  1.75357464e-01  1.81813704e-02  2.67995794e-01
   2.66573610e-01  1.07171247e-01  2.58993609e-01  1.81243536e-01
   2.68890778e-01  2.75993755e-01  2.33618355e-01  2.74769304e-01
   2.73944212e-01  2.28656513e-01  2.62758038e-01  1.81172559e-01
   2.75439085e-01 -1.28129812e-02  0.00000000e+00  0.00000000e+00
   1.12821310e-01  1.26462277e-01  0.00000000e+00  0.00000000e+00
   0.00000000e+00 -3.97533451e-03  0.00000000e+00  1.60828373e-01]
 [ 1.20183861e-01  0.00000000e+00 -2.27470748e-01  4.11013574e-01
  -2.21997348e-02 -2.18288547e-02 -2.40446151e-02  2.09034696e-01
   2.16113199e-01 -1.04776279e-01  2.15889140e-01 -3.39325455e-01
  -5.60309572e-02 -5.39600860e-02 -2.45931896e-01  1.71102599e-01
   1.76726691e-01 -1.95876437e-01  1.86618692e-01 -3.37994303e-01
   1.95095242e-01  6.76237311e-02 -3.53681685e-27  1.74840436e-27
  -2.38507969e-01 -2.79972069e-01  0.00000000e+00  0.00000000e+00
   0.00000000e+00 -5.35990903e-02  0.00000000e+00 -7.03573697e-02]]
Varianza explicada por cada componente: [0.4519056  0.13022434]

JERARQUICO

Coeficiente de silueta: 0.37945382211771833
Componentes: [[-3.87353602e-02  0.00000000e+00 -1.00296399e-02 -4.39048855e-02
   2.67816031e-01  1.73598540e-01  1.83643596e-02  2.61307262e-01
   2.59706554e-01  1.08079812e-01  2.51426654e-01  1.87973133e-01
   2.66672586e-01  2.73975553e-01  2.38505051e-01  2.68737093e-01
   2.67770929e-01  2.31021165e-01  2.55613683e-01  1.87792718e-01
   2.69143781e-01 -1.45808204e-02  0.00000000e+00  0.00000000e+00
   1.14592539e-01  1.29531546e-01  0.00000000e+00  0.00000000e+00
   0.00000000e+00 -2.27422755e-03  0.00000000e+00  2.11634213e-01]
 [ 1.00270116e-01 -2.77555756e-16 -2.12676331e-01  3.81374637e-01
   1.38454406e-03 -3.36468120e-03 -2.04657198e-02  2.18661030e-01
   2.25664165e-01 -8.97866757e-02  2.29035220e-01 -3.22974127e-01
  -3.00814555e-02 -2.95354620e-02 -2.32496380e-01  1.82415645e-01
   1.88140137e-01 -1.75662270e-01  2.01685227e-01 -3.21700592e-01
   2.04771271e-01  6.81934092e-02 -1.13913436e-29  3.70719502e-31
  -2.05274419e-01 -2.48106120e-01 -0.00000000e+00 -0.00000000e+00
  -0.00000000e+00 -5.39781724e-02 -0.00000000e+00 -2.87313501e-01]]
Varianza explicada por cada componente: [0.44849491 0.13765811]

